1.781457	
4.866019	
5.531310	
5.169137	
3.905216	
5.366810	
5.374687	
5.214199	
5.667320	
4.702940	
3.162730	
5.851551	
6.633167	
6.676665	
4.268923	
6.333745	
4.521012	
2.699925	
4.758856	
4.515276	
5.409015	
5.392619	
5.057744	
5.172932	
4.452557	
4.192612	
4.953541	
3.034970	
5.541272	
4.976524	
4.372455	
3.461759	
4.857888	
4.051941	
6.228388	
3.568245	
4.716860	
4.940361	
4.415815	
6.139647	
5.345582	
4.447969	
6.376693	
5.429387	
3.942931	
5.846848	
5.096459	
3.461210	
4.957311	
4.197135	
6.624330	
4.061620	
3.149602	
3.471981	
5.802039	
5.955047	
3.756779	
4.149384	
3.637138	
4.951416	
5.591881	
6.161174	
3.268082	
4.787182	
4.879491	
4.799988	
5.615077	
5.447593	
3.237861	
4.545240	
4.251692	
5.856100	
3.715779	
4.351978	
5.706606	
5.379548	
4.941527	
6.229854	
7.033560	
4.534206	
6.042078	
3.808575	
5.072453	
5.113076	
4.372504	
5.831814	
4.148707	
4.371009	
4.620569	
5.341055	
4.086118	
6.238979	
6.411189	
4.807734	
5.185951	
4.286106	
6.054791	
7.155990	
5.379225	
4.458669	
6.016752	
3.905552	
5.997815	
4.805568	
4.518997	
4.376791	
5.722926	
4.412673	
3.436653	
5.766494	
5.227358	
3.733057	
5.371573	
5.058078	
7.082421	
3.192174	
6.050252	
4.214921	
6.685052	
3.297566	
5.617889	
4.367281	
4.589669	
6.080159	
5.125355	
7.095726	
3.798478	
4.282424	
4.705562	
5.196563	
5.650285	
6.688114	
3.315422	
5.153731	
3.109535	
4.915697	
7.215186	
4.008995	
5.933589	
6.085667	
4.836455	
4.396810	
5.608241	
5.389927	
4.652167	
4.576589	
3.590698	
4.764839	
4.936385	
5.644177	
4.569220	
4.779624	
3.750332	
5.433684	
5.703587	
4.337126	
4.506197	
5.533644	
4.496421	
5.837722	
4.465629	
4.347778	
3.688843	
4.730829	
5.480770	
6.146280	
5.783520	
5.677704	
6.168280	
5.900859	
6.162973	
5.337643	
6.038769	
4.604316	
3.761972	
4.685915	
6.434291	
6.377856	
4.621945	
5.051711	
4.534765	
4.507782	
3.935571	
5.158969	
4.292398	
5.574813	
6.195658	
5.450950	
6.583074	
6.897729	
4.389915	
5.124142	
4.799969	
3.867884	
5.708931	
5.489568	
4.761649	
4.568556	
5.616979	
4.575895	
3.401615	
4.925344	
5.313685	
6.002451	
5.015646	
5.999314	
4.309638	
4.949690	
6.666691	
6.798202	
6.052741	
6.066079	
5.014183	
5.933593	
5.057807	
5.054556	
4.707082	
3.791168	
4.873829	
4.817393	
4.450067	
2.709817	
5.317321	
4.898809	
5.844122	
4.494096	
3.833183	
7.701124	
3.571139	
5.828636	
4.524711	
3.868709	
4.923695	
4.645141	
4.511148	
4.297739	
4.093194	
5.941274	
4.795415	
3.557705	
4.071010	
5.100323	
3.008122	
4.878315	
4.068281	
3.452511	
5.269926	
4.194352	
3.631778	
4.100291	
4.297223	
4.639278	
4.268480	
6.254235	
5.861886	
6.079821	
